NAME = Marshak Wave

##### FLOAT PRECISION #####
PRECISION = FLOAT64

##### RANDOM NUMBERS #####
SEED = 12345

##### GEOMETRY #####
GEOMETRY = 1D

##### MESH VARIABLES #####
MESHTYPE = UNIFORM
XSIZE = 0.15
# MESHNODES = [0.0,0.1,0.2,0.3,0.4,0.5,0.6,0.7,0.8,0.9,1.0]
DX = 0.0005

##### MATERIAL PROPERTIES #####
SIGMA_A_REGS = [0.15]
SIGMA_A_VALS = [1000.0]
SIGMA_A_POWERS = [-3.0]

SIGMA_S_REGS = [0.15]
SIGMA_S_VALS = [0.0]
SIGMA_S_POWERS = [0.0]

RADSOURCE_REGS = [0.15]
RADSOURCE_VALS = [0.0]

BEE_REGS = [0.15]
BEE_VALS = [0.3]

##### BOUNDARY CONDITIONS #####
LEFTBC = VACUUM
RIGHTBC = VACUUM

##### TIMING #####
TIMESTEPPING = RAMP
DT0 = 0.0000001
K = 1.01
DTMAX = 0.001
ENDTIME = 2.0

##### Particles #####
NINPUT = 1000
NMAX = 100000

##### Temperature #####
T_INIT = 0.01

# Left & Right Boundaries
T_SURFACE_VALS = [1.0,0.0]
T_SURFACE_REGS = []

#### CONSTANTS #####
PHYS_C = 299.70
PHYS_A = 0.01372016
ALPHA = 1.0

#### Transport Options ####
RANDOMWALK = FALSE

#### Scaling ####
ENERGYSCALE = 100.0
DISTANCESCALE = 1000.0

##### Outputs #####
PLOTVARS = TEMPERATURE
BENCHMARK = TRUE
XBENCH = [0.00025,0.00075,0.00125,0.00175,0.00225, 0.00275,0.00325,0.00375,0.00425,0.00475,0.00525,0.00575,0.00625,0.00675,0.00725,0.00775,0.00825,0.00875,
0.00925,0.00975,0.01025,0.01075,0.01125,0.01175,0.01225,0.01275,0.01325,0.01375,0.01425,0.01475,0.01525,0.01575,0.01625,0.01675,0.01725,0.01775,0.01825,
0.01875,0.01925,0.01975,0.02025,0.02075,0.02125,0.02175,0.02225,0.02275,0.02325,0.02375,0.02425,0.02475,0.02525,0.02575,0.02625,0.02675,0.02725,0.02775,
0.02825,0.02875,0.02925,0.02975,0.03025,0.03075,0.03125,0.03175,0.03225,0.03275,0.03325,0.03375,0.03425,0.03475,0.03525,0.03575,0.03625,0.03675,0.03725,
0.03775,0.03825,0.03875,0.03925,0.03975,0.04025,0.04075,0.04125,0.04175,0.04225,0.04275,0.04325,0.04375,0.04425,0.04475,0.04525,0.04575,0.04625,0.04675,
0.04725,0.04775,0.04825,0.04875,0.04925,0.04975,0.05025,0.05075,0.05125,0.05175,0.05225,0.05275,0.05325,0.05375,0.05425,0.05475,0.05525,0.05575,0.05625,
0.05675,0.05725,0.05775,0.05825,0.05875,0.05925,0.05975,0.06025,0.06075,0.06125,0.06175,0.06225,0.06275,0.06325,0.06375,0.06425,0.06475,0.06525,0.06575,
0.06625,0.06675,0.06725,0.06775,0.06825,0.06875,0.06925,0.06975,0.07025,0.07075,0.07125,0.07175,0.07225,0.07275,0.07325,0.07375,0.07425,0.07475,0.07525,
0.07575,0.07625,0.07675,0.07725,0.07775,0.07825,0.07875,0.07925,0.07975,0.08025,0.08075,0.08125,0.08175,0.08225,0.08275,0.08325,0.08375,0.08425,0.08475,
0.08525,0.08575,0.08625,0.08675,0.08725,0.08775,0.08825,0.08875,0.08925,0.08975,0.09025,0.09075,0.09125,0.09175,0.09225,0.09275,0.09325,0.09375,0.09425,
0.09475,0.09525,0.09575,0.09625,0.09675,0.09725,0.09775,0.09825,0.09875,0.09925,0.09975,0.10025,0.10075,0.10125,0.10175,0.10225,0.10275,0.10325,0.10375,
0.10425,0.10475,0.10525,0.10575,0.10625,0.10675,0.10725,0.10775,0.10825,0.10875,0.10925,0.10975,0.11025,0.11075,0.11125,0.11175,0.11225,0.11275,0.11325,
0.11375,0.11425,0.11475,0.11525,0.11575,0.11625,0.11675,0.11725,0.11775,0.11825,0.11875,0.11925,0.11975,0.12025,0.12075,0.12125,0.12175,0.12225,0.12275,
0.12325,0.12375,0.12425,0.12475,0.12525,0.12575,0.12625,0.12675,0.12725,0.12775,0.12825,0.12875,0.12925,0.12975,0.13025,0.13075,0.13125,0.13175,0.13225,
0.13275,0.13325,0.13375,0.13425,0.13475,0.13525,0.13575,0.13625,0.13675,0.13725,0.13775,0.13825,0.13875,0.13925,0.13975,0.14025,0.14075,0.14125,0.14175,
0.14225,0.14275,0.14325,0.14375,0.14425,0.14475,0.14525,0.14575,0.14625,0.14675,0.14725,0.14775,0.14825,0.14875,0.14925,0.14975]
YBENCH = [0.999412842,0.999347881,0.997299469,0.998695649,1.000577083,0.998876991,0.996202162,0.995566735,0.990210622,0.99288745,0.988811555,0.99101424,
0.991654543,0.990835499,0.985186003,0.987132109,0.982930408,0.984068699,0.982978702,0.980833545,0.982849881,0.981970049,0.98203631,0.979715682,0.976391771,
0.975478203,0.976467183,0.977280073,0.976546758,0.974195546,0.978291273,0.973385716,0.971685179,0.972679396,0.970412565,0.970332242,0.969809863,0.969959612,
0.970408377,0.972460147,0.968956357,0.966847216,0.96632255,0.966207032,0.965639415,0.965696346,0.964109443,0.96460063,0.965301772,0.963847658,0.965485042,0.961004153,
0.962066175,0.962203838,0.95921109,0.957834554,0.956083121,0.95661071,0.955141346,0.953221955,0.950967816,0.950217971,0.947891875,0.948354724,0.947068218,0.947504435,0.944889743,0.943167527,
0.941079373,0.94019488,0.940523997,0.942141799,0.944404038,0.941826327,0.940593248,0.938808081,0.937836724,0.937169764,0.933375641,0.928773935,0.928857323,0.928977402,0.928316216,0.924980883,
0.921137736,0.923001446,0.922855024,0.921947786,0.920380855,0.923744862,0.920764289,0.919584992,0.92081075,0.921104459,0.923463317,0.919321535,0.919607859,0.916887824,0.913665655,0.913240155,
0.913359598,0.909524436,0.907483699,0.904979665,0.901658495,0.903412,0.904678436,0.902482888,0.9053672,0.904144924,0.902469602,0.896490634,0.894594762,0.894106371,0.889477906,0.890172669,
0.886070079,0.887892572,0.888177299,0.888372652,0.884408348,0.882735574,0.883804434,0.880899093,0.878041499,0.875268778,0.876494109,0.875365697,0.87684441,0.875836845,0.871344816,0.867431906,
0.867586427,0.864299647,0.865295367,0.863331681,0.86269395,0.860211502,0.860600759,0.856325739,0.851270867,0.850851469,0.850537716,0.849855448,0.852346066,0.851559873,0.845907781,0.845341,
0.839752152,0.842378581,0.839686742,0.834640856,0.829467812,0.825486948,0.825892328,0.821006646,0.820699877,0.818512979,0.821954078,0.81925413,0.821280894,0.817067788,0.816034828,0.815770113,
0.813148442,0.809938344,0.809653435,0.808424106,0.805772783,0.802265372,0.795479885,0.790840001,0.788718286,0.78867813,0.784902836,0.782265197,0.782681163,0.779506529,0.778327178,0.774116126,
0.771466828,0.767879373,0.766098552,0.764696144,0.76376934,0.761538125,0.752904873,0.745859429,0.744953518,0.740977474,0.741759135,0.734741201,0.732438264,0.727921012,0.724216786,0.717792949,
0.714325677,0.704722831,0.703471231,0.704913594,0.702683676,0.697139324,0.689011132,0.68732004,0.679499178,0.671799884,0.673078726,0.669384129,0.660028023,0.65493562,0.649329709,0.642169875,
0.633094043,0.621039893,0.609281526,0.60480203,0.600462873,0.587189556,0.576385167,0.556370873,0.540598003,0.524254822,0.495855762,0.472089282,0.434538703,0.36506496,0.162834235,0.009892454,
0.009762808,0.008920542,0.010653948,0.010646314,0.009678091,0.010042536,0.009998633,0.009829644,0.010008819,0.010231417,0.010250753,0.010129112,0.01097978,0.010175852,0.010689089,0.008826067,
0.01044875,0.010298405,0.010377779,0.009186107,0.009088013,0.010210088,0.010115045,0.00985839,0.010491373,0.009920781,0.009853679,0.010060574,0.009674174,0.010461676,0.010560491,0.009978665,
0.010322887,0.010401448,0.009917478,0.009539309,0.010115906,0.009514087,0.010265773,0.009825284,0.010157314,0.010561717,0.01104704,0.009594939,0.009868606,0.009727348,0.010193541,0.009506251,
0.01117642,0.011057603,0.009634074,0.010247168,0.009957637,0.009871063,0.009871634,0.009667016,0.009722461,0.010278475,0.009501189,0.010493423,0.009595557,0.009548384,0.009777099,0.010487509,
0.009579919,0.009642371,0.00960599,0.010572496,0.009750643,0.010295833,0.009182431,0.010376228]
SAVEFIG = TRUE
SAVEANIMATION = FALSE
